1.6028620936693427 -0.7167534383497292
-0.9150260929718946 0.7940154920731559
1.4178449473277097 1.254553804343466
1.4214173663084329 0.4144239167153781
0.888929968281101 -0.5646989098122597
4.996394920805347 -0.2635063488661007
1.6058463377471888 1.0604493227407197
3.384568262434164 1.4548218444540861
0.213138186878012 0.7356191697231537
3.3338738325449953 0.8899167168399109
2.7456209549670447 0.20057309694174225
1.572451144092988 0.8153899264324748
3.2143464476962045 -1.4639396593722531
2.061712471066576 1.159213278979139
0.8132134522366182 1.3365025823931234
1.163994942343996 -0.33572098623840874
4.524135174538326 1.3019686389047318
3.3644210118361846 -1.2227829855025512
2.908254873346844 -1.16234344757161
0.46935967600747647 -0.5346536965376784
4.5183361225788845 0.666130661432829
2.5048426893651508 -0.5637681210964816
0.18433300714017223 -1.9249870092231993
-0.4609491572550198 -1.206848738479041
0.4346849984973965 -0.9905112413498407
3.8728499824264726 1.710296101656136
-0.0902161342146739 -1.4909592089094723
1.7955297839158848 -0.15988637516796833
3.5389309713912973 0.6357603413001947
2.207170996363365 -1.038666582045684
3.023165383965943 -0.2047386140510597
3.614228903158 -0.09322130085235236
3.300640426653553 1.3181842239156962
4.752341994754824 0.22865883181859067
-1.0144499730719863 -0.9004216284543024
2.37942806909009 0.29708396699699846
0.5786451009151644 0.21003535407732818
3.5260346564287772 -0.7268428664229731
-0.9130217313240937 0.0631291846643941
0.9686486423914069 1.1431885099497845
